Avg MSE: 20.71e-4, 18.90e-4, 37.31e-4, 15.99e-4, 15.55e-4, 19.07e-4, 13.82e-4, 29.53e-4, 13.08e-4, 21.05e-4
Avg MAE: 3.59e-2, 3.52e-2, 3.90e-2, 2.85e-2, 2.41e-2, 3.18e-2, 2.91e-2, 4.81e-2, 2.94e-2, 3.78e-2
Avg R2: 0.0392, 0.1071, 0.1010, 0.0387, 0.0192, 0.0617, 0.1621, 0.0490, 0.0029, 0.1665
Avg Pearson: 0.1981, 0.3273, 0.3178, 0.1967, 0.1384, 0.2484, 0.4027, 0.2213, 0.0542, 0.4081


Mean MSE: 20.50e-4 std: 7.17e-4
Mean MAE: 3.39e-2 std: 0.65e-2
Mean R2: 0.0747 std: 0.0542
Mean Pearson: 0.2513 std: 0.1077
