Avg MSE: 16.17e-4, 18.11e-4, 40.51e-4, 15.17e-4, 31.42e-4, 23.37e-4, 18.40e-4, 13.04e-4, 29.52e-4, 23.85e-4
Avg MAE: 3.08e-2, 3.16e-2, 4.57e-2, 3.02e-2, 4.67e-2, 3.71e-2, 3.54e-2, 2.97e-2, 4.57e-2, 3.66e-2
Avg R2: 0.0004, 0.0007, 0.0249, 0.0004, 0.0014, 0.0018, 0.0002, 0.0004, 0.0000, 0.0113
Avg Pearson: 0.020, 0.0271, 0.1577, 0.0203, -0.0380, 0.0425, -0.0139, 0.0195, -0.0015, 0.1063


Mean MSE: 22.96e-4 std: 8.20e-4
Mean MAE: 3.70e-2 std: 0.64e-2
Mean R2: 0.0041 std: 0.0076
Mean Pearson: 0.0340 std: 0.0548
